image: myMap.pgm
resolution: 0.050000
origin: [-11.451742, -10.503485, 0.000000]
negate: 0
occupied_thresh: 0.65
free_thresh: 0.196

